6 6  
6 5  
6 5  
6 5  
6 6  
6 5  
6 5  
6 6  
6 5  
6 5  
6 5  
6 5  
6 6  
6 5  
6 6  
6 5  
6 5  
6 5  
6 5  
6 5  
6 6  
6 5  
6 6  
6 5  
6 5  
6 5  
6 5  
2 1  
2 1  
2 1  
2 1  
2 1  
2 1  
2 1  
2 1  
2 1  
2 1  
2 1  
2 1  
2 1  
2 1  
2 1  
2 1  
2 1  
2 1  
2 1  
2 1  
2 1  
2 1  
2 1  
2 1  
2 1  
2 1  
2 1  
4 3  
4 3  
4 3  
4 3  
4 3  
4 3  
4 3  
4 3  
4 3  
4 3  
4 3  
4 3  
4 3  
4 3  
4 3  
4 3  
4 3  
4 3  
4 3  
4 3  
4 3  
4 3  
4 3  
4 3  
4 3  
4 3  
4 3  
10 10  
9 8  
7 6  
9 8  
9 8  
9 9  
11 10  
7 9  
7 6  
7 6  
7 6  
7 6  
18 17  
8 7  
9 9  
9 8  
9 8  
7 6  
9 8  
10 9  
8 7  
8 7  
7 6  
7 6  
11 10  
8 7  
7 6  
4 3  
4 3  
4 3  
4 3  
4 3  
4 3  
4 3  
4 3  
4 3  
4 3  
4 3  
4 3  
4 3  
4 3  
4 3  
4 3  
4 3  
4 3  
4 3  
4 3  
4 3  
4 3  
4 3  
4 3  
4 3  
4 3  
4 3  
2 1  
2 1  
2 1  
2 1  
2 1  
2 1  
2 1  
2 1  
2 1  
2 1  
2 1  
2 1  
2 1  
2 1  
2 1  
2 1  
2 1  
2 1  
2 1  
2 1  
2 1  
2 1  
2 1  
2 1  
2 1  
2 1  
2 1  
7 6  
7 6  
8 7  
7 6  
10 9  
11 10  
7 6  
9 8  
10 10  
7 6  
7 6  
8 7  
7 7  
7 6  
10 9  
7 6  
11 10  
7 7  
8 7  
8 8  
9 8  
7 7  
7 6  
9 8  
7 7  
10 12  
7 7  
5 4  
5 4  
5 4  
5 4  
5 4  
5 4  
5 4  
5 4  
5 4  
5 4  
5 4  
5 4  
5 4  
5 4  
5 4  
5 4  
5 5  
5 4  
5 4  
5 4  
5 4  
5 4  
5 4  
5 4  
5 5  
5 4  
5 4  
2 1  
2 1  
2 1  
2 1  
2 1  
2 1  
2 1  
2 1  
2 1  
2 1  
2 1  
2 1  
2 1  
2 1  
2 1  
2 1  
2 1  
2 1  
2 1  
2 1  
2 1  
2 1  
2 1  
2 1  
2 1  
2 1  
2 1  
3 2  
3 2  
3 2  
3 2  
3 2  
3 2  
3 2  
3 2  
3 2  
3 2  
3 2  
3 2  
3 2  
3 2  
3 2  
3 2  
3 2  
3 2  
3 2  
3 2  
3 2  
3 2  
3 2  
3 2  
3 2  
3 2  
3 2  
5 4  
5 4  
5 4  
5 4  
5 4  
5 4  
5 4  
5 4  
5 4  
5 4  
5 4  
5 4  
5 4  
5 4  
5 4  
5 5  
5 4  
5 5  
5 4  
5 4  
5 4  
5 4  
5 4  
5 4  
5 5  
5 4  
5 4  
6 5  
6 6  
6 5  
6 5  
6 5  
6 6  
6 5  
6 5  
6 5  
6 5  
6 5  
6 5  
6 5  
6 5  
6 5  
6 5  
6 5  
6 5  
6 5  
6 5  
6 6  
6 5  
6 5  
6 5  
6 6  
6 5  
6 5  
2 1  
2 1  
2 1  
2 1  
2 1  
2 1  
2 1  
2 1  
2 1  
2 1  
2 1  
2 1  
2 1  
2 1  
2 1  
2 1  
2 1  
2 1  
2 1  
2 1  
2 1  
2 1  
2 1  
2 1  
2 1  
2 1  
2 1  
3 2  
3 2  
3 2  
3 2  
3 2  
3 2  
3 2  
3 2  
3 2  
3 2  
3 2  
3 2  
3 2  
3 2  
3 2  
3 2  
3 2  
3 2  
3 2  
3 2  
3 2  
3 2  
8 7  
7 6  
7 6  
7 6  
7 6  
7 6  
7 6  
9 8  
10 9  
7 6  
8 8  
9 8  
8 7  
7 6  
7 6  
7 6  
9 8  
8 7  
9 8  
7 6  
7 6  
9 8  
9 8  
11 10  
8 7  
9 8  
7 6  
3 2  
3 2  
3 2  
3 2  
3 2  
3 2  
3 2  
3 2  
3 2  
3 2  
3 2  
3 2  
3 2  
3 2  
3 2  
3 2  
3 2  
3 2  
3 2  
3 2  
3 2  
3 2  
3 2  
3 2  
3 2  
3 2  
3 2  
2 1  
2 1  
2 1  
2 1  
2 1  
2 1  
2 1  
2 1  
2 1  
2 1  
2 1  
2 1  
2 1  
2 1  
2 1  
2 1  
2 1  
2 1  
2 1  
2 1  
2 1  
2 1  
2 1  
2 1  
2 1  
2 1  
2 1  
3 2  
3 2  
3 2  
3 2  
3 2  
3 2  
3 2  
3 2  
3 2  
3 2  
3 2  
3 2  
3 2  
3 2  
3 2  
3 2  
3 2  
3 2  
3 2  
3 2  
3 2  
3 2  
3 2  
3 2  
3 2  
3 2  
3 2  
3 2  
3 2  
3 2  
3 3  
3 2  
3 2  
3 2  
3 2  
3 2  
3 2  
3 2  
3 2  
3 2  
3 2  
3 2  
3 3  
3 2  
3 2  
3 2  
3 2  
3 2  
3 2  
3 2  
3 2  
3 2  
3 2  
3 2  
3 2  
3 2  
3 2  
3 2  
3 2  
3 2  
3 2  
3 2  
3 2  
3 2  
3 2  
3 2  
3 2  
3 2  
3 2  
3 2  
3 2  
3 2  
3 2  
3 2  
3 2  
3 2  
3 2  
3 2  
3 2  
3 2  
3 2  
3 2  
3 2  
3 2  
3 2  
3 2  
3 2  
3 2  
3 2  
3 2  
3 2  
3 2  
3 2  
3 2  
3 2  
3 2  
3 2  
3 2  
3 2  
2 1  
2 1  
2 1  
2 1  
2 1  
2 1  
2 1  
2 1  
2 1  
2 1  
2 1  
2 1  
2 1  
2 1  
2 1  
2 1  
2 1  
2 1  
2 1  
2 1  
2 1  
2 1  
2 1  
2 1  
2 1  
2 1  
2 1  
5 4  
5 5  
5 4  
5 4  
5 6  
5 4  
5 4  
5 4  
5 4  
5 4  
5 4  
5 4  
5 4  
5 4  
5 4  
5 4  
5 4  
5 5  
5 5  
5 4  
5 4  
5 4  
5 4  
5 4  
5 4  
5 4  
5 4  
4 3  
4 3  
4 3  
4 3  
4 3  
4 3  
4 3  
4 5  
4 3  
4 3  
4 3  
4 3  
4 3  
4 3  
4 3  
4 3  
4 3  
4 3  
4 3  
4 3  
4 3  
4 3  
4 3  
4 3  
4 3  
4 3  
4 3  
2 1  
2 1  
2 1  
2 1  
2 1  
2 1  
2 1  
2 1  
2 1  
2 1  
2 1  
2 1  
2 1  
2 1  
2 1  
2 1  
2 1  
3 2  
3 2  
3 2  
3 2  
3 2  
3 2  
3 2  
3 2  
3 2  
3 2  
3 2  
3 2  
3 2  
3 2  
3 2  
3 2  
3 2  
3 2  
3 2  
3 2  
3 2  
3 2  
3 2  
3 2  
3 2  
3 2  
3 2  
3 2  
3 2  
3 2  
3 2  
3 2  
3 2  
3 2  
3 2  
3 2  
3 2  
3 2  
3 2  
3 2  
3 2  
3 2  
3 2  
3 2  
3 2  
3 2  
4 3  
4 3  
4 3  
4 3  
4 3  
4 3  
4 4  
4 3  
4 3  
4 3  
4 4  
4 4  
4 3  
4 3  
4 3  
4 3  
2 1  
2 1  
2 1  
2 1  
2 1  
2 1  
2 1  
2 1  
2 1  
2 1  
2 1  
2 1  
2 1  
2 1  
2 1  
2 1  
2 1  
2 1  
2 1  
2 1  
2 1  
2 1  
2 1  
3 2  
3 2  
3 2  
3 2  
3 2  
3 2  
3 2  
3 2  
3 2  
3 2  
3 2  
3 2  
3 2  
3 2  
4 3  
4 3  
4 3  
4 3  
4 3  
4 3  
4 3  
4 3  
4 3  
4 3  
4 3  
4 3  
4 3  
4 3  
4 3  
4 3  
4 3  
4 3  
4 3  
4 3  
4 3  
4 3  
4 3  
4 3  
4 3  
4 3  
4 3  
2 1  
2 1  
2 1  
2 1  
2 1  
2 1  
2 1  
2 1  
2 1  
2 1  
2 1  
2 1  
2 1  
2 1  
2 1  
2 1  
2 1  
2 1  
2 1  
2 1  
2 1  
2 1  
2 1  
2 1  
2 1  
2 1  
2 1  
2 1  
2 1  
2 1  
2 1  
2 1  
2 1  
2 1  
2 1  
2 1  
2 1  
2 1  
2 1  
2 1  
2 1  
2 1  
2 1  
2 1  
2 1  
2 1  
2 1  
2 1  
2 1  
2 1  
2 1  
2 1  
2 1  
2 1  
2 1  
2 1  
2 1  
2 1  
2 1  
2 1  
2 1  
2 1  
2 1  
2 1  
2 1  
2 1  
2 1  
2 1  
2 1  
2 1  
2 1  
2 1  
2 1  
2 1  
2 1  
2 1  
2 1  
2 1  
2 1  
2 1  
2 1  
2 1  
2 1  
2 1  
2 1  
2 1  
2 1  
2 1  
2 1  
2 1  
2 1  
2 1  
2 1  
2 1  
2 1  
2 1  
2 1  
2 1  
2 1  
2 1  
2 1  
2 1  
2 1  
6 5  
6 6  
6 5  
6 5  
6 6  
6 5  
6 5  
6 5  
6 5  
6 7  
6 5  
6 6  
6 5  
6 5  
6 6  
6 5  
6 6  
6 5  
6 5  
6 5  
6 5  
6 5  
6 5  
6 6  
6 5  
6 5  
6 5  
3 2  
3 2  
3 2  
3 2  
3 2  
3 2  
3 2  
3 2  
3 2  
3 2  
3 2  
3 2  
3 2  
3 2  
3 2  
3 2  
3 2  
3 2  
3 2  
3 2  
3 2  
3 2  
3 2  
3 2  
3 2  
3 2  
3 2  
5 4  
5 4  
5 4  
5 4  
5 4  
5 4  
5 4  
5 4  
5 4  
5 4  
5 4  
5 4  
5 4  
5 4  
5 4  
5 4  
5 4  
5 4  
5 4  
5 4  
4 3  
4 3  
4 3  
4 3  
4 3  
4 3  
4 3  
4 3  
4 3  
4 3  
2 1  
2 1  
2 1  
2 1  
2 1  
2 1  
2 1  
2 1  
2 1  
2 1  
4 3  
4 3  
4 3  
4 3  
4 3  
4 3  
4 3  
4 3  
4 3  
4 3  
4 3  
4 3  
4 3  
4 3  
4 3  
4 3  
4 3  
4 3  
4 3  
4 3  
4 3  
4 3  
4 3  
2 1  
2 1  
2 1  
2 1  
2 1  
2 1  
2 1  
2 1  
2 1  
2 1  
2 1  
2 1  
2 1  
2 1  
2 1  
2 1  
2 1  
2 1  
2 1  
2 1  
2 1  
2 1  
2 1  
