5 4  
5 4  
5 6  
5 4  
5 4  
5 4  
5 4  
5 4  
5 4  
5 4  
5 4  
5 4  
5 4  
5 5  
5 4  
5 5  
5 4  
5 4  
5 4  
5 4  
5 4  
5 4  
4 3  
4 3  
4 3  
4 3  
4 3  
4 3  
4 3  
4 3  
4 3  
4 3  
4 3  
4 4  
4 4  
4 3  
4 3  
4 3  
4 3  
4 3  
4 3  
4 3  
4 3  
4 3  
3 2  
3 2  
3 2  
3 2  
3 2  
3 2  
3 2  
3 2  
3 2  
3 2  
3 2  
3 2  
3 2  
3 2  
3 2  
3 2  
3 2  
3 2  
3 2  
3 2  
3 2  
3 2  
2 1  
2 1  
2 1  
2 1  
2 1  
2 1  
2 1  
2 1  
2 1  
2 1  
2 1  
2 1  
2 1  
2 1  
2 1  
2 1  
2 1  
2 1  
2 1  
2 1  
2 1  
2 1  
2 1  
2 1  
2 1  
2 1  
2 1  
2 1  
2 1  
2 1  
2 1  
2 1  
2 1  
2 1  
2 1  
2 1  
2 1  
2 1  
2 1  
2 1  
2 1  
2 1  
2 1  
2 1  
2 1  
2 1  
2 1  
2 1  
2 1  
2 1  
2 1  
2 1  
2 1  
2 1  
2 1  
2 1  
2 1  
2 1  
2 1  
2 1  
2 1  
2 1  
2 1  
2 1  
2 1  
2 1  
9 8  
7 6  
8 8  
7 6  
8 7  
7 6  
9 8  
8 7  
8 7  
7 6  
7 6  
9 8  
7 6  
9 10  
7 6  
7 6  
7 6  
9 8  
8 9  
10 10  
7 6  
9 8  
6 5  
6 5  
6 6  
6 5  
6 5  
6 5  
6 5  
6 5  
6 6  
6 5  
6 5  
6 5  
6 5  
6 5  
6 5  
6 5  
6 5  
6 5  
6 5  
6 6  
6 6  
6 5  
8 7  
11 12  
9 8  
8 7  
8 11  
9 9  
7 6  
7 6  
7 7  
8 7  
7 7  
8 7  
10 9  
7 6  
11 10  
7 9  
8 7  
7 6  
7 6  
8 7  
8 7  
13 12  
4 3  
4 3  
4 3  
4 3  
4 3  
4 3  
4 3  
4 3  
4 3  
4 3  
4 3  
4 3  
4 3  
4 3  
4 3  
4 3  
4 3  
4 3  
4 3  
4 3  
4 3  
4 3  
4 3  
4 3  
4 3  
4 3  
4 3  
4 3  
4 3  
4 3  
4 3  
4 3  
4 3  
4 3  
4 3  
4 3  
4 3  
4 3  
4 3  
4 3  
4 3  
4 4  
4 3  
4 3  
9 9  
7 7  
9 8  
7 7  
9 8  
7 6  
9 9  
8 7  
7 6  
8 7  
8 7  
7 6  
7 6  
11 10  
8 7  
7 6  
8 7  
10 9  
10 10  
13 12  
7 6  
8 7  
3 2  
3 2  
3 2  
3 2  
3 2  
3 2  
3 2  
3 2  
3 2  
3 2  
3 2  
3 2  
3 2  
3 2  
3 2  
3 2  
3 2  
3 2  
3 2  
3 2  
3 2  
3 2  
3 2  
3 2  
3 2  
3 2  
3 2  
3 2  
3 2  
3 2  
3 2  
3 2  
3 2  
3 2  
3 2  
3 2  
3 2  
3 2  
3 2  
3 2  
3 2  
3 2  
3 2  
3 2  
3 2  
3 2  
3 2  
3 2  
3 2  
3 2  
3 2  
3 2  
3 3  
3 2  
3 2  
3 2  
3 2  
3 2  
3 2  
3 2  
3 2  
3 2  
3 2  
3 2  
3 2  
3 2  
2 1  
2 1  
2 1  
2 1  
2 1  
2 1  
2 1  
2 1  
2 1  
2 1  
2 1  
2 1  
2 1  
2 1  
2 1  
2 1  
2 1  
2 1  
2 1  
2 1  
2 1  
2 1  
2 1  
2 1  
2 1  
2 1  
2 1  
2 1  
2 1  
2 1  
2 1  
2 1  
2 1  
2 1  
2 1  
2 1  
2 1  
2 1  
2 1  
2 1  
2 1  
2 1  
2 1  
2 1  
2 1  
2 1  
2 1  
2 1  
2 1  
2 1  
2 1  
2 1  
2 1  
2 1  
2 1  
2 1  
2 1  
2 1  
2 1  
2 1  
2 1  
2 1  
2 1  
2 1  
2 1  
2 1  
4 3  
4 3  
4 3  
4 3  
4 3  
4 3  
4 3  
4 3  
4 3  
4 3  
4 3  
4 3  
4 3  
4 3  
4 3  
4 3  
4 3  
4 3  
4 3  
4 3  
4 3  
4 3  
6 5  
6 7  
6 6  
6 5  
6 5  
6 5  
6 5  
6 5  
6 5  
6 5  
6 6  
6 6  
6 5  
6 5  
6 5  
6 5  
6 5  
6 5  
6 5  
6 5  
6 7  
6 5  
5 4  
5 5  
5 4  
5 4  
5 4  
5 4  
5 6  
5 4  
5 4  
5 4  
5 4  
5 4  
5 4  
5 4  
5 4  
5 4  
5 4  
5 4  
5 5  
5 4  
5 5  
5 5  
2 1  
2 1  
2 1  
2 1  
2 1  
2 1  
2 1  
2 1  
2 1  
2 1  
2 1  
2 1  
2 1  
2 1  
2 1  
2 1  
2 1  
2 1  
2 1  
2 1  
2 1  
2 1  
3 2  
3 2  
3 2  
3 2  
3 2  
3 2  
3 2  
3 2  
3 2  
3 2  
3 2  
3 2  
3 2  
3 2  
3 2  
3 2  
3 2  
3 2  
3 2  
3 2  
3 2  
3 2  
2 1  
2 1  
2 1  
2 1  
2 1  
2 1  
2 1  
2 1  
2 1  
2 1  
2 1  
2 1  
2 1  
2 1  
2 1  
2 1  
2 1  
2 1  
2 1  
2 1  
2 1  
2 1  
4 3  
4 3  
4 3  
4 3  
4 3  
4 3  
4 3  
4 3  
4 3  
4 3  
4 3  
4 3  
4 3  
4 3  
4 3  
4 3  
4 3  
4 3  
2 1  
2 1  
2 1  
2 1  
2 1  
2 1  
2 1  
2 1  
2 1  
2 1  
2 1  
2 1  
2 1  
2 1  
2 1  
2 1  
2 1  
2 1  
2 1  
2 1  
2 1  
2 1  
2 1  
2 1  
2 1  
2 1  
2 1  
2 1  
2 1  
2 1  
2 1  
2 1  
2 1  
2 1  
2 1  
2 1  
2 1  
2 1  
2 1  
2 1  
2 1  
2 1  
2 1  
2 1  
2 1  
2 1  
2 1  
2 1  
2 1  
2 1  
2 1  
2 1  
2 1  
2 1  
2 1  
2 1  
2 1  
2 1  
2 1  
2 1  
2 1  
2 1  
2 1  
2 1  
2 1  
2 1  
2 1  
2 1  
2 1  
2 1  
2 1  
2 1  
2 1  
2 1  
2 1  
2 1  
2 1  
2 1  
2 1  
2 1  
2 1  
2 1  
5 4  
5 4  
5 4  
5 4  
5 4  
5 5  
5 4  
5 4  
5 5  
5 6  
5 4  
5 4  
5 4  
5 4  
5 4  
5 5  
5 4  
5 6  
5 4  
5 4  
5 4  
5 4  
2 1  
2 1  
2 1  
2 1  
2 1  
2 1  
2 1  
2 1  
2 1  
2 1  
2 1  
2 1  
2 1  
2 1  
6 5  
6 5  
6 5  
6 5  
6 5  
6 7  
6 5  
6 5  
6 5  
6 6  
6 6  
6 5  
6 5  
6 6  
6 5  
6 5  
6 5  
6 5  
6 5  
6 5  
6 5  
6 5  
3 2  
3 2  
3 2  
3 2  
3 2  
3 2  
3 2  
3 2  
3 2  
3 2  
3 2  
3 2  
3 2  
3 2  
3 2  
3 2  
3 2  
3 2  
3 2  
3 2  
3 2  
3 2  
3 2  
3 2  
3 2  
3 2  
3 2  
3 2  
3 2  
3 2  
3 2  
3 2  
3 2  
3 2  
3 2  
3 2  
3 2  
3 2  
3 2  
3 2  
3 2  
3 2  
3 2  
3 2  
2 1  
2 1  
2 1  
2 1  
2 1  
2 1  
2 1  
2 1  
2 1  
2 1  
2 1  
2 1  
2 1  
2 1  
2 1  
2 1  
2 1  
2 1  
2 1  
2 1  
2 1  
2 1  
2 1  
2 1  
2 1  
2 1  
2 1  
2 1  
2 1  
2 1  
2 1  
2 1  
2 1  
2 1  
2 1  
2 1  
2 1  
2 1  
2 1  
2 1  
2 1  
2 1  
2 1  
2 1  
3 2  
3 2  
3 2  
3 2  
3 2  
3 2  
3 2  
3 2  
3 2  
3 2  
3 2  
3 2  
3 2  
3 2  
3 2  
3 2  
3 2  
2 1  
2 1  
2 1  
2 1  
2 1  
2 1  
2 1  
2 1  
2 1  
2 1  
2 1  
2 1  
2 1  
2 1  
2 1  
2 1  
2 1  
2 1  
2 1  
2 1  
2 1  
2 1  
2 1  
2 1  
2 1  
2 1  
2 1  
2 1  
2 1  
2 1  
2 1  
2 1  
2 1  
2 1  
2 1  
2 1  
2 1  
2 1  
2 1  
2 1  
2 1  
2 1  
2 1  
2 1  
2 1  
2 1  
2 1  
2 1  
2 1  
2 1  
2 1  
2 1  
2 1  
2 1  
2 1  
2 1  
2 1  
2 1  
2 1  
2 1  
2 1  
2 1  
2 1  
2 1  
2 1  
2 1  
3 2  
3 2  
3 2  
3 2  
3 2  
3 2  
3 2  
3 2  
3 2  
3 2  
3 2  
3 2  
3 2  
3 2  
3 2  
3 2  
3 2  
3 2  
3 2  
3 2  
3 2  
3 2  
2 1  
2 1  
2 1  
2 1  
2 1  
2 1  
2 1  
2 1  
2 1  
2 1  
2 1  
2 1  
2 1  
2 1  
2 1  
2 1  
2 1  
2 1  
2 1  
2 1  
2 1  
2 1  
4 3  
4 3  
4 3  
4 3  
4 3  
4 3  
4 3  
4 3  
4 3  
4 3  
2 1  
2 1  
2 1  
2 1  
2 1  
2 1  
2 1  
2 1  
2 1  
2 1  
2 1  
2 1  
2 1  
2 1  
2 1  
2 1  
2 1  
2 1  
2 1  
2 1  
2 1  
2 1  
4 3  
4 3  
4 3  
4 3  
4 3  
4 3  
4 3  
4 3  
4 3  
4 3  
4 3  
4 3  
4 3  
4 3  
4 3  
4 3  
3 2  
3 2  
3 2  
3 2  
3 2  
3 2  
3 2  
3 2  
3 2  
3 2  
2 1  
2 1  
2 1  
2 1  
2 1  
2 1  
2 1  
2 1  
2 1  
2 1  
2 1  
2 1  
2 1  
2 1  
2 1  
2 1  
2 1  
2 1  
2 1  
2 1  
2 1  
2 1  
2 1  
2 1  
2 1  
2 1  
2 1  
2 1  
2 1  
2 1  
2 1  
2 1  
2 1  
2 1  
2 1  
2 1  
2 1  
2 1  
2 1  
2 1  
2 1  
2 1  
2 1  
2 1  
2 1  
2 1  
2 1  
2 1  
2 1  
2 1  
2 1  
2 1  
2 1  
2 1  
2 1  
2 1  
4 3  
4 3  
4 3  
4 3  
4 3  
4 3  
4 3  
4 3  
4 3  
4 3  
4 3  
4 3  
4 3  
4 3  
4 3  
4 3  
4 3  
4 3  
