32
32
32
32
32
32
32
32
32
32
32
32
15
15
15
15
32
32
32
32
0
0
0
0
5
5
5
5
32
32
32
32
19
19
19
19
5
5
5
5
19
19
19
19
32
32
32
32
0
0
0
0
5
5
5
5
19
19
19
19
26
26
26
26
31
31
31
31
3
3
3
3
0
0
0
0
19
19
19
19
19
19
19
19
39
39
39
39
14
14
14
14
13
13
13
13
14
14
14
14
14
14
14
14
35
35
35
35
36
36
36
36
42
42
42
42
5
5
5
5
8
8
8
8
5
5
5
5
13
13
13
13
35
35
35
35
20
20
20
20
44
44
44
44
36
36
36
36
5
5
5
5
23
23
23
23
45
45
45
45
20
20
20
20
19
19
19
19
13
13
13
13
9
9
9
9
35
35
35
35
9
9
9
9
25
25
25
25
17
17
17
17
18
18
18
18
20
20
20
20
38
38
38
38
52
52
52
52
52
52
52
52
48
48
48
48
10
10
10
10
37
37
37
37
33
33
33
33
11
11
11
11
11
11
11
11
49
49
49
49
11
11
11
11
10
10
10
10
33
33
33
33
38
38
38
38
48
48
48
48
21
21
21
21
38
38
38
38
37
37
37
37
33
33
33
33
49
49
49
49
6
6
6
6
10
10
10
10
52
52
52
52
11
11
11
11
38
38
38
38
13
13
13
13
32
32
32
32
20
20
20
20
32
32
32
32
19
19
19
19
19
19
19
19
13
13
13
13
5
5
5
5
5
5
5
5
32
32
32
32
32
32
32
32
25
25
25
25
19
19
19
19
20
20
20
20
13
13
13
13
32
32
32
32
19
19
19
19
5
5
5
5
14
14
14
14
32
32
32
32
25
25
25
25
5
5
5
5
19
19
19
19
5
5
5
5
20
20
20
20
14
14
14
14
13
13
13
13
5
5
5
5
19
19
19
19
48
48
48
48
48
48
48
48
40
40
40
40
20
20
20
20
25
25
25
25
14
14
14
14
5
5
5
5
5
5
5
5
25
25
25
25
19
19
19
19
19
19
19
19
32
32
32
32
13
13
13
13
32
32
32
32
5
5
5
5
32
32
32
32
13
13
13
13
20
20
20
20
14
14
14
14
20
20
20
20
19
19
19
19
32
32
32
32
5
5
5
5
19
19
19
19
19
19
19
19
5
5
5
5
32
32
32
32
32
32
32
32
48
48
48
48
48
48
48
48
14
14
14
14
27
27
27
27
14
14
14
14
20
20
20
20
1
1
1
1
16
16
16
16
47
47
47
47
50
50
50
50
47
47
47
47
47
47
47
47
35
35
35
35
1
1
1
1
28
28
28
28
2
2
2
2
34
34
34
34
34
34
34
34
34
34
34
34
25
25
25
25
43
43
43
43
16
16
16
16
46
46
46
46
46
46
46
46
34
34
34
34
47
47
47
47
1
1
1
1
22
22
22
22
4
4
4
4
46
46
46
46
1
1
1
1
50
50
50
50
48
48
48
48
16
16
16
16
48
48
48
48
24
24
24
24
29
29
29
29
13
13
13
13
14
14
14
14
32
32
32
32
5
5
5
5
20
20
20
20
32
32
32
32
19
19
19
19
32
32
32
32
32
32
32
32
20
20
20
20
29
29
29
29
19
19
19
19
5
5
5
5
5
5
5
5
32
32
32
32
13
13
13
13
25
25
25
25
48
48
48
48
20
20
20
20
5
5
5
5
19
19
19
19
19
19
19
19
19
19
19
19
13
13
13
13
31
31
31
31
32
32
32
32
32
32
32
32
5
5
5
5
0
0
0
0
32
32
32
32
5
5
5
5
19
19
19
19
5
5
5
5
19
19
19
19
14
14
14
14
0
0
0
0
32
32
32
32
32
32
32
32
19
19
19
19
14
14
14
14
5
5
5
5
32
32
32
32
5
5
5
5
19
19
19
19
19
19
19
19
39
39
39
39
45
45
45
45
13
13
13
13
15
15
15
15
23
23
23
23
20
20
20
20
5
5
5
5
44
44
44
44
20
20
20
20
19
19
19
19
15
15
15
15
18
18
18
18
0
0
0
0
9
9
9
9
14
14
14
14
19
19
19
19
20
20
20
20
20
20
20
20
32
32
32
32
32
32
32
32
13
13
13
13
19
19
19
19
5
5
5
5
51
51
51
51
48
48
48
48
32
32
32
32
32
32
32
32
9
9
9
9
13
13
13
13
5
5
5
5
20
20
20
20
19
19
19
19
9
9
9
9
32
32
32
32
19
19
19
19
27
27
27
27
48
48
48
48
19
19
19
19
19
19
19
19
7
7
7
7
5
5
5
5
14
14
14
14
51
51
51
51
12
12
12
12
12
12
12
12
5
5
5
5
32
32
32
32
5
5
5
5
30
30
30
30
27
27
27
27
5
5
5
5
51
51
51
51
20
20
20
20
14
14
14
14
49
49
49
49
48
48
48
48
41
41
41
41
14
14
14
14
13
13
13
13
5
5
5
5
32
32
32
32
32
32
32
32
5
5
5
5
5
5
5
5
13
13
13
13
20
20
20
20
19
19
19
19
32
32
32
32
20
20
20
20
32
32
32
32
19
19
19
19
19
19
19
19
32
32
32
32
40
40
40
40
14
14
14
14
13
13
13
13
19
19
19
19
25
25
25
25
5
5
5
5
5
5
5
5
19
19
19
19
20
20
20
20
32
32
32
32
20
20
20
20
13
13
13
13
14
14
14
14
48
48
48
48
19
19
19
19
25
25
25
25
5
5
5
5
