5 4  
5 4  
5 4  
5 4  
5 4  
5 4  
5 4  
5 4  
5 4  
5 4  
5 4  
5 4  
5 4  
5 4  
5 4  
5 4  
3 2  
3 2  
3 2  
3 2  
3 2  
3 2  
3 2  
3 2  
3 2  
3 2  
3 2  
3 2  
3 2  
3 2  
3 2  
3 2  
3 2  
3 2  
3 2  
3 2  
3 2  
3 2  
3 2  
3 2  
3 2  
3 2  
3 2  
3 2  
3 2  
3 2  
3 2  
3 2  
3 2  
3 2  
3 2  
3 2  
3 2  
3 2  
3 2  
3 2  
3 2  
3 2  
3 2  
3 2  
3 2  
3 2  
3 2  
3 2  
3 2  
3 2  
3 2  
3 2  
3 2  
3 2  
3 2  
3 2  
3 2  
3 2  
3 2  
3 2  
3 2  
3 2  
2 1  
2 1  
2 1  
2 1  
2 1  
2 1  
2 1  
2 1  
2 1  
2 1  
2 1  
2 1  
2 1  
2 1  
2 1  
2 1  
2 1  
2 1  
2 1  
2 1  
2 1  
2 1  
2 1  
2 1  
2 1  
2 1  
2 1  
2 1  
2 1  
2 1  
2 1  
6 5  
6 6  
6 5  
6 5  
6 5  
6 5  
6 6  
6 5  
6 5  
6 5  
6 5  
6 5  
6 5  
6 5  
6 5  
6 5  
6 5  
6 5  
6 5  
6 5  
6 6  
6 5  
6 5  
6 5  
6 5  
6 5  
6 5  
6 6  
6 5  
6 6  
6 5  
4 3  
4 3  
4 3  
4 3  
4 3  
4 3  
4 4  
4 3  
4 3  
4 3  
4 3  
4 3  
4 3  
4 3  
4 3  
4 3  
4 3  
4 3  
4 3  
4 3  
4 3  
4 3  
4 4  
4 3  
4 3  
4 3  
4 4  
4 3  
4 3  
4 3  
4 3  
2 1  
2 1  
2 1  
2 1  
2 1  
2 1  
2 1  
2 1  
2 1  
2 1  
2 1  
2 1  
2 1  
2 1  
2 1  
2 1  
2 1  
2 1  
2 1  
2 1  
2 1  
2 1  
2 1  
2 1  
2 1  
2 1  
2 1  
2 1  
2 1  
2 1  
2 1  
3 2  
3 2  
3 2  
3 2  
3 2  
3 2  
3 2  
3 2  
3 2  
3 2  
3 2  
3 2  
3 2  
3 2  
3 2  
3 2  
3 2  
3 2  
3 2  
3 2  
3 2  
3 2  
3 2  
3 2  
3 2  
3 2  
3 2  
3 2  
3 2  
3 2  
3 2  
5 4  
5 4  
5 4  
5 4  
5 4  
5 4  
5 4  
5 5  
5 4  
5 4  
5 4  
5 5  
5 4  
5 4  
5 4  
5 4  
5 6  
5 4  
5 4  
5 4  
5 4  
5 6  
5 4  
5 4  
5 4  
5 4  
5 5  
5 4  
5 4  
5 4  
5 4  
4 3  
4 3  
4 3  
4 3  
4 3  
4 3  
4 3  
4 3  
4 3  
4 3  
4 3  
4 3  
4 3  
4 3  
4 4  
4 4  
4 3  
4 3  
4 3  
4 3  
4 3  
4 3  
4 3  
4 3  
4 3  
4 3  
4 3  
4 3  
4 3  
4 3  
4 3  
5 4  
5 4  
5 4  
5 4  
5 4  
5 4  
5 4  
5 4  
5 4  
5 4  
5 4  
5 4  
5 4  
5 4  
5 4  
5 4  
5 4  
5 4  
5 4  
5 4  
5 4  
5 4  
5 4  
5 4  
5 4  
5 4  
5 4  
5 4  
5 4  
5 4  
5 4  
2 1  
2 1  
2 1  
2 1  
2 1  
2 1  
2 1  
2 1  
2 1  
2 1  
2 1  
2 1  
2 1  
2 1  
2 1  
2 1  
2 1  
2 1  
2 1  
2 1  
2 1  
2 1  
2 1  
2 1  
2 1  
2 1  
2 1  
2 1  
2 1  
2 1  
2 1  
5 4  
5 4  
5 4  
5 5  
5 4  
5 4  
5 4  
5 6  
5 5  
5 5  
5 4  
5 4  
5 4  
5 4  
5 4  
5 4  
5 4  
5 4  
5 4  
5 4  
5 4  
5 4  
5 4  
5 5  
5 4  
5 4  
5 4  
5 4  
5 4  
5 4  
5 4  
4 3  
4 3  
4 3  
4 3  
4 3  
4 3  
4 3  
4 3  
4 3  
4 3  
4 3  
4 3  
4 3  
4 3  
4 3  
4 3  
4 3  
4 3  
4 3  
4 3  
4 3  
4 3  
4 3  
4 3  
4 3  
4 3  
4 3  
4 3  
4 3  
4 3  
4 3  
3 2  
3 2  
3 2  
3 2  
3 2  
3 2  
3 2  
3 2  
3 2  
3 2  
3 2  
3 2  
3 2  
3 2  
3 2  
3 2  
3 2  
3 2  
3 2  
3 2  
3 2  
3 2  
3 2  
3 2  
3 2  
3 2  
3 2  
3 2  
3 2  
3 2  
3 2  
6 5  
6 5  
6 5  
6 6  
6 5  
6 5  
6 5  
6 5  
6 5  
6 5  
6 5  
6 5  
6 6  
6 5  
6 5  
6 5  
6 6  
6 5  
6 6  
6 5  
6 5  
6 5  
6 5  
6 5  
6 5  
6 6  
6 5  
6 5  
6 5  
6 5  
6 5  
2 1  
2 1  
2 1  
2 1  
2 1  
2 1  
2 1  
2 1  
2 1  
2 1  
2 1  
2 1  
2 1  
2 1  
2 1  
2 1  
2 1  
2 1  
2 1  
2 1  
2 1  
2 1  
2 1  
2 1  
2 1  
2 1  
2 1  
2 1  
2 1  
2 1  
2 1  
2 1  
2 1  
2 1  
2 1  
2 1  
2 1  
2 1  
2 1  
2 1  
2 1  
2 1  
2 1  
2 1  
2 1  
2 1  
2 1  
2 1  
2 1  
2 1  
2 1  
2 1  
2 1  
2 1  
2 1  
2 1  
2 1  
2 1  
2 1  
2 1  
2 1  
2 1  
3 2  
3 2  
3 2  
3 2  
3 2  
3 2  
3 2  
3 2  
3 2  
3 2  
3 2  
3 2  
3 2  
3 2  
3 2  
3 2  
3 2  
3 2  
3 2  
3 2  
3 2  
3 2  
3 2  
3 2  
3 2  
3 2  
3 2  
3 2  
3 2  
3 2  
3 2  
7 6  
8 8  
7 6  
7 6  
7 8  
7 6  
7 6  
7 6  
7 6  
8 7  
9 8  
7 6  
8 8  
7 6  
7 6  
8 7  
8 9  
8 7  
7 6  
9 11  
10 9  
7 6  
7 6  
7 6  
8 7  
8 7  
7 6  
7 6  
7 6  
12 11  
7 6  
3 2  
3 2  
3 2  
3 2  
3 2  
3 2  
3 2  
3 2  
3 2  
3 2  
3 2  
3 2  
3 2  
3 2  
3 2  
3 2  
3 2  
3 2  
3 2  
3 2  
3 2  
3 2  
3 2  
3 2  
3 2  
6 5  
6 5  
6 5  
6 5  
6 5  
6 5  
6 5  
6 5  
6 6  
6 5  
6 5  
6 5  
6 5  
6 5  
6 5  
6 5  
6 5  
6 5  
6 6  
6 5  
6 5  
6 5  
6 5  
6 5  
6 5  
6 5  
6 5  
6 5  
6 5  
6 5  
6 6  
3 2  
3 2  
3 2  
3 2  
3 2  
3 2  
3 2  
3 2  
3 2  
3 2  
3 2  
3 2  
3 2  
3 2  
3 2  
3 2  
3 2  
3 2  
3 2  
3 2  
3 2  
3 2  
3 2  
3 2  
3 2  
3 2  
3 2  
3 2  
3 2  
3 2  
3 2  
4 3  
4 3  
4 3  
4 3  
4 3  
4 3  
4 3  
4 3  
4 3  
4 3  
4 3  
4 3  
4 3  
4 3  
4 3  
4 3  
4 3  
4 3  
4 3  
4 3  
4 3  
4 4  
4 3  
4 3  
4 3  
4 3  
4 3  
4 3  
4 3  
4 3  
4 5  
2 1  
2 1  
2 1  
2 1  
2 1  
2 1  
2 1  
2 1  
2 1  
2 1  
2 1  
2 1  
2 1  
2 1  
2 1  
2 1  
2 1  
2 1  
2 1  
2 1  
2 1  
2 1  
2 1  
2 1  
2 1  
2 1  
2 1  
2 1  
2 1  
2 1  
2 1  
2 1  
2 1  
2 1  
2 1  
2 1  
2 1  
2 1  
2 1  
2 1  
2 1  
2 1  
2 1  
2 1  
2 1  
2 1  
2 1  
2 1  
2 1  
2 1  
2 1  
2 1  
2 1  
2 1  
2 1  
2 1  
2 1  
2 1  
2 1  
2 1  
2 1  
2 1  
4 3  
4 3  
4 3  
4 3  
4 3  
4 3  
4 3  
4 3  
4 3  
4 3  
4 3  
4 3  
4 3  
4 3  
4 3  
4 3  
4 3  
4 3  
4 3  
4 3  
4 3  
4 3  
4 3  
4 3  
4 3  
4 3  
4 3  
4 3  
4 3  
9 8  
9 8  
8 7  
8 7  
9 8  
7 6  
14 16  
7 6  
7 6  
9 8  
8 7  
7 6  
11 10  
7 6  
11 11  
7 6  
7 6  
7 6  
8 7  
7 6  
10 11  
7 6  
11 10  
7 6  
7 6  
7 6  
9 8  
8 7  
8 7  
13 12  
10 11  
8 7  
7 7  
7 6  
7 6  
7 6  
10 9  
8 7  
7 6  
7 6  
8 7  
8 7  
8 7  
7 6  
7 6  
8 7  
7 6  
9 8  
7 6  
8 7  
9 8  
7 6  
8 7  
8 8  
8 7  
7 6  
11 10  
7 6  
7 6  
7 7  
8 7  
10 9  
2 1  
2 1  
2 1  
2 1  
2 1  
2 1  
2 1  
2 1  
2 1  
2 1  
2 1  
2 1  
2 1  
2 1  
2 1  
2 1  
2 1  
2 1  
2 1  
2 1  
2 1  
2 1  
2 1  
2 1  
2 1  
2 1  
2 1  
2 1  
2 1  
2 1  
2 1  
3 2  
3 2  
3 2  
3 2  
3 2  
3 2  
3 2  
3 2  
3 2  
3 2  
3 2  
3 2  
3 2  
2 1  
2 1  
2 1  
2 1  
2 1  
2 1  
2 1  
2 1  
2 1  
2 1  
2 1  
2 1  
2 1  
2 1  
2 1  
2 1  
2 1  
2 1  
2 1  
2 1  
2 1  
2 1  
2 1  
2 1  
2 1  
2 1  
2 1  
2 1  
5 4  
5 4  
5 4  
5 4  
5 4  
5 4  
5 4  
5 4  
5 4  
5 4  
5 4  
5 4  
5 4  
5 4  
5 4  
5 4  
5 4  
5 4  
5 4  
5 4  
5 4  
5 4  
5 4  
5 4  
5 4  
5 4  
5 4  
5 4  
5 4  
5 4  
5 4  
4 3  
4 3  
4 3  
4 3  
4 3  
4 3  
4 3  
4 3  
4 3  
4 3  
4 3  
4 3  
4 3  
4 3  
4 3  
4 3  
4 3  
4 3  
4 3  
4 3  
4 3  
4 3  
