2 1  
2 1  
2 1  
2 1  
2 1  
2 1  
2 1  
2 1  
2 1  
2 1  
2 1  
2 1  
2 1  
2 1  
2 1  
2 1  
2 1  
2 1  
2 1  
2 1  
2 1  
2 1  
2 1  
2 1  
2 1  
2 1  
2 1  
2 1  
2 1  
2 1  
2 1  
2 1  
2 1  
2 1  
2 1  
2 1  
2 1  
2 1  
2 1  
2 1  
2 1  
2 1  
2 1  
2 1  
2 1  
2 1  
2 1  
2 1  
2 1  
2 1  
2 1  
2 1  
2 1  
2 1  
2 1  
2 1  
2 1  
2 1  
2 1  
2 1  
2 1  
2 1  
2 1  
2 1  
2 1  
2 1  
2 1  
2 1  
7 6  
7 6  
7 6  
14 14  
7 6  
7 6  
7 9  
10 9  
7 6  
11 10  
8 9  
7 7  
8 7  
11 12  
7 6  
8 7  
7 6  
7 6  
7 8  
9 8  
7 6  
7 6  
7 6  
7 6  
7 6  
7 6  
7 7  
8 8  
9 8  
8 9  
8 9  
7 7  
8 7  
8 9  
3 2  
3 2  
3 2  
3 2  
3 2  
3 2  
3 2  
3 2  
3 2  
3 2  
3 2  
3 2  
3 2  
3 2  
3 2  
3 2  
3 2  
3 2  
3 2  
3 2  
3 2  
3 2  
3 2  
3 2  
3 2  
3 2  
3 2  
3 2  
3 2  
3 2  
3 2  
3 2  
3 2  
3 2  
3 2  
3 2  
3 2  
3 2  
3 2  
3 2  
3 2  
3 2  
3 2  
3 2  
3 2  
3 2  
3 2  
3 2  
3 2  
3 2  
3 2  
3 2  
3 2  
3 2  
3 2  
3 2  
3 2  
3 2  
3 2  
3 2  
3 2  
3 2  
3 2  
3 2  
3 2  
3 2  
3 2  
3 2  
4 3  
4 3  
4 3  
4 3  
4 3  
4 3  
4 3  
4 3  
4 3  
4 3  
4 3  
4 3  
4 3  
4 3  
4 3  
4 3  
4 3  
4 3  
4 3  
4 3  
4 3  
4 3  
4 3  
4 3  
4 3  
4 3  
4 3  
4 3  
4 3  
4 3  
4 3  
4 3  
4 3  
4 3  
3 2  
3 2  
3 2  
3 2  
3 2  
3 2  
3 2  
3 2  
3 2  
3 2  
3 2  
3 2  
3 2  
3 2  
3 2  
3 2  
3 2  
3 2  
3 2  
3 2  
3 2  
3 2  
3 2  
3 2  
3 2  
3 2  
3 2  
3 2  
3 2  
3 2  
3 2  
3 2  
3 2  
3 2  
3 2  
3 2  
3 2  
3 2  
3 2  
3 2  
3 2  
3 2  
3 2  
3 2  
3 2  
3 2  
3 2  
3 2  
3 2  
3 2  
3 2  
3 2  
3 2  
3 2  
3 2  
3 2  
3 2  
3 2  
3 2  
3 2  
3 2  
3 2  
3 2  
3 2  
3 2  
3 2  
3 2  
3 2  
3 2  
3 2  
3 2  
3 2  
3 2  
3 2  
3 2  
3 2  
3 2  
3 2  
3 2  
3 2  
3 2  
3 2  
3 2  
3 2  
3 2  
3 2  
3 2  
3 2  
3 2  
3 2  
3 2  
3 2  
3 2  
3 2  
3 2  
3 2  
3 2  
3 2  
3 2  
3 2  
3 2  
3 2  
4 3  
4 3  
4 3  
4 3  
4 3  
4 3  
4 3  
4 3  
4 3  
4 3  
4 3  
4 3  
4 3  
4 3  
4 3  
4 3  
4 3  
4 3  
4 3  
4 3  
4 3  
4 3  
4 3  
4 3  
4 3  
4 3  
4 4  
4 3  
4 3  
4 3  
4 3  
4 3  
4 3  
4 3  
2 1  
2 1  
2 1  
2 1  
2 1  
2 1  
2 1  
2 1  
2 1  
2 1  
2 1  
2 1  
2 1  
2 1  
2 1  
2 1  
2 1  
2 1  
2 1  
2 1  
2 1  
2 1  
2 1  
2 1  
2 1  
2 1  
2 1  
2 1  
2 1  
2 1  
2 1  
2 1  
2 1  
2 1  
2 1  
2 1  
2 1  
2 1  
2 1  
2 1  
2 1  
2 1  
2 1  
2 1  
2 1  
2 1  
2 1  
2 1  
2 1  
2 1  
2 1  
2 1  
2 1  
2 1  
2 1  
2 1  
2 1  
2 1  
2 1  
2 1  
2 1  
2 1  
2 1  
2 1  
2 1  
2 1  
2 1  
2 1  
2 1  
2 1  
2 1  
2 1  
2 1  
2 1  
2 1  
2 1  
2 1  
2 1  
2 1  
2 1  
2 1  
2 1  
2 1  
2 1  
2 1  
2 1  
2 1  
2 1  
2 1  
2 1  
2 1  
2 1  
2 1  
2 1  
2 1  
2 1  
2 1  
2 1  
2 1  
2 1  
2 1  
2 1  
4 3  
4 3  
4 3  
4 3  
4 3  
4 3  
4 3  
4 3  
4 3  
4 3  
4 3  
4 3  
4 3  
4 3  
4 3  
4 3  
4 3  
4 3  
4 3  
4 3  
4 3  
4 4  
4 3  
4 3  
4 3  
4 3  
4 3  
4 3  
4 3  
4 3  
4 3  
4 3  
4 3  
4 3  
6 5  
6 5  
6 5  
6 5  
6 5  
6 5  
6 5  
6 5  
6 5  
6 5  
6 5  
6 5  
6 5  
6 5  
6 5  
6 5  
6 5  
6 5  
6 5  
6 5  
6 5  
6 5  
6 5  
6 5  
6 5  
6 5  
6 5  
6 5  
6 5  
6 5  
6 6  
6 5  
6 7  
6 5  
2 1  
2 1  
2 1  
2 1  
2 1  
2 1  
2 1  
2 1  
2 1  
2 1  
2 1  
2 1  
2 1  
2 1  
2 1  
2 1  
2 1  
2 1  
2 1  
2 1  
2 1  
2 1  
2 1  
2 1  
2 1  
2 1  
2 1  
2 1  
3 2  
3 2  
3 2  
3 2  
3 2  
3 2  
3 2  
3 2  
3 2  
3 2  
3 2  
3 2  
3 2  
3 2  
3 2  
3 2  
3 2  
3 2  
3 2  
3 2  
3 2  
3 2  
3 2  
3 2  
3 2  
3 2  
3 2  
5 4  
5 4  
5 4  
5 4  
5 4  
5 4  
5 4  
5 4  
5 4  
5 4  
6 7  
6 5  
6 5  
6 5  
6 6  
6 5  
6 5  
6 5  
6 5  
6 5  
6 5  
6 5  
6 5  
6 6  
6 5  
6 5  
6 5  
6 5  
6 6  
6 5  
6 6  
6 5  
6 5  
6 5  
6 5  
6 6  
6 5  
6 5  
6 5  
6 5  
6 5  
6 5  
6 5  
6 5  
2 1  
2 1  
2 1  
2 1  
2 1  
2 1  
2 1  
2 1  
2 1  
2 1  
2 1  
2 1  
2 1  
2 1  
2 1  
2 1  
2 1  
2 1  
2 1  
2 1  
2 1  
2 1  
2 1  
2 1  
2 1  
2 1  
2 1  
2 1  
2 1  
2 1  
2 1  
2 1  
2 1  
2 1  
7 8  
10 11  
7 6  
9 8  
7 6  
9 8  
7 6  
13 12  
10 9  
7 6  
7 6  
7 6  
9 8  
9 8  
8 7  
8 7  
8 7  
7 6  
9 8  
7 6  
7 6  
7 6  
7 6  
7 8  
7 6  
8 7  
7 6  
7 6  
9 8  
7 6  
8 7  
9 8  
14 16  
9 8  
6 6  
6 5  
6 5  
6 5  
6 6  
6 5  
6 5  
6 5  
6 5  
6 5  
6 5  
6 5  
6 5  
6 5  
6 5  
6 5  
6 5  
6 5  
6 5  
6 6  
6 5  
6 5  
6 5  
6 5  
6 5  
6 5  
6 5  
6 5  
6 5  
6 6  
6 5  
6 6  
6 5  
6 5  
5 4  
5 4  
5 4  
5 4  
5 4  
5 4  
5 4  
5 4  
5 4  
5 6  
5 4  
5 4  
5 4  
5 4  
5 4  
5 4  
5 4  
5 4  
5 5  
5 4  
5 4  
5 6  
5 4  
5 4  
5 4  
5 4  
5 4  
5 4  
5 4  
5 5  
5 4  
5 5  
5 4  
5 4  
5 4  
5 4  
5 4  
5 4  
5 4  
5 4  
5 4  
5 4  
5 4  
5 4  
5 4  
5 4  
5 4  
5 4  
5 4  
5 4  
5 4  
5 4  
5 4  
5 4  
5 4  
5 4  
5 4  
5 4  
5 4  
5 4  
5 4  
5 4  
5 4  
5 4  
5 4  
5 4  
5 4  
5 4  
5 5  
5 4  
5 5  
5 5  
5 4  
5 4  
5 4  
5 4  
5 4  
5 4  
5 4  
5 4  
5 4  
5 4  
5 5  
5 4  
5 4  
5 4  
5 4  
5 4  
5 4  
5 4  
5 4  
5 4  
5 4  
5 5  
5 4  
5 4  
5 4  
5 4  
5 4  
5 4  
5 4  
5 4  
4 3  
4 3  
4 3  
4 3  
4 3  
4 3  
4 3  
4 3  
4 3  
4 3  
4 3  
4 3  
4 3  
4 3  
4 3  
4 3  
4 3  
4 3  
4 3  
4 3  
4 3  
4 3  
4 3  
4 3  
4 3  
4 3  
4 3  
4 3  
4 3  
4 3  
4 3  
4 3  
4 3  
4 3  
4 3  
4 3  
4 3  
4 3  
4 3  
4 3  
4 3  
4 3  
4 3  
4 3  
4 3  
4 3  
4 3  
4 3  
4 3  
4 3  
4 3  
4 3  
4 3  
4 3  
2 1  
2 1  
2 1  
2 1  
2 1  
2 1  
2 1  
2 1  
2 1  
2 1  
2 1  
2 1  
2 1  
2 1  
2 1  
2 1  
2 1  
2 1  
2 1  
2 1  
2 1  
2 1  
2 1  
2 1  
2 1  
2 1  
2 1  
2 1  
2 1  
2 1  
2 1  
2 1  
2 1  
2 1  
2 1  
2 1  
2 1  
2 1  
2 1  
2 1  
2 1  
2 1  
2 1  
2 1  
2 1  
2 1  
2 1  
2 1  
2 1  
2 1  
2 1  
2 1  
2 1  
2 1  
2 1  
2 1  
2 1  
2 1  
2 1  
2 1  
2 1  
2 1  
2 1  
2 1  
2 1  
2 1  
2 1  
7 7  
9 8  
8 7  
8 8  
8 7  
7 6  
10 9  
7 6  
8 7  
7 6  
7 6  
10 9  
8 7  
9 8  
7 7  
9 8  
7 6  
8 7  
7 6  
7 6  
7 6  
8 7  
3 2  
3 2  
3 2  
3 2  
3 2  
3 2  
3 2  
3 2  
3 2  
3 2  
3 2  
3 2  
3 2  
3 2  
3 2  
3 2  
3 2  
5 4  
5 5  
5 4  
5 4  
5 4  
5 4  
5 4  
5 4  
5 6  
5 4  
5 4  
5 4  
5 4  
5 4  
5 4  
5 4  
5 4  
5 4  
5 4  
5 4  
5 4  
5 4  
5 4  
5 4  
5 4  
5 4  
5 4  
5 4  
5 5  
5 4  
5 4  
5 4  
5 4  
5 4  
