2 1  
2 1  
2 1  
2 1  
2 1  
2 1  
2 1  
2 1  
2 1  
2 1  
2 1  
2 1  
2 1  
2 1  
2 1  
2 1  
2 1  
2 1  
2 1  
2 1  
2 1  
2 1  
2 1  
2 1  
2 1  
2 1  
2 1  
2 1  
2 1  
2 1  
2 1  
2 1  
2 1  
2 1  
2 1  
2 1  
2 1  
2 1  
2 1  
2 1  
2 1  
2 1  
2 1  
2 1  
2 1  
2 1  
2 1  
2 1  
2 1  
2 1  
2 1  
2 1  
2 1  
2 1  
2 1  
2 1  
2 1  
2 1  
4 3  
4 3  
4 3  
4 3  
4 3  
4 3  
4 3  
4 3  
4 3  
4 3  
4 3  
4 3  
4 3  
4 3  
4 3  
4 3  
4 3  
4 3  
4 3  
4 3  
4 3  
4 3  
4 3  
4 3  
4 3  
4 3  
4 3  
4 3  
4 3  
8 7  
7 6  
7 6  
7 6  
7 7  
7 6  
7 6  
12 11  
7 6  
7 6  
10 11  
7 6  
7 6  
7 6  
11 10  
9 8  
7 7  
8 8  
7 6  
10 10  
7 7  
9 11  
8 7  
10 9  
8 7  
8 9  
9 8  
7 6  
8 7  
2 1  
2 1  
2 1  
2 1  
2 1  
2 1  
2 1  
2 1  
2 1  
2 1  
2 1  
2 1  
2 1  
2 1  
2 1  
2 1  
2 1  
2 1  
2 1  
2 1  
2 1  
2 1  
2 1  
2 1  
2 1  
2 1  
2 1  
2 1  
2 1  
2 1  
2 1  
2 1  
2 1  
2 1  
2 1  
2 1  
2 1  
2 1  
2 1  
2 1  
2 1  
2 1  
2 1  
2 1  
2 1  
2 1  
2 1  
2 1  
2 1  
2 1  
2 1  
2 1  
2 1  
2 1  
2 1  
2 1  
2 1  
2 1  
3 2  
3 2  
3 2  
3 2  
3 2  
3 2  
3 2  
3 2  
3 2  
3 2  
3 2  
3 2  
3 2  
3 2  
3 2  
3 2  
3 2  
3 2  
3 2  
3 2  
3 2  
3 2  
3 2  
3 2  
3 2  
3 2  
3 2  
3 2  
3 2  
5 4  
5 4  
5 4  
5 4  
5 4  
5 4  
5 5  
5 4  
5 4  
5 4  
5 4  
5 4  
5 4  
5 4  
5 4  
5 4  
5 4  
5 5  
5 4  
5 4  
5 4  
5 5  
5 4  
5 4  
5 4  
5 4  
5 4  
5 4  
5 4  
3 2  
3 2  
3 2  
3 2  
3 2  
3 2  
3 2  
3 2  
3 2  
3 2  
3 2  
3 2  
3 2  
3 2  
3 2  
3 2  
3 2  
3 2  
3 2  
3 2  
3 2  
3 2  
3 2  
3 2  
3 2  
3 2  
3 2  
3 2  
3 2  
6 5  
6 6  
6 6  
6 5  
6 7  
6 5  
6 5  
6 5  
6 5  
6 5  
6 5  
6 5  
6 5  
6 5  
6 5  
6 5  
6 5  
6 5  
6 5  
6 5  
6 5  
6 6  
6 5  
6 5  
6 7  
6 5  
6 5  
6 5  
6 5  
5 5  
5 4  
5 4  
5 4  
5 4  
5 4  
5 4  
5 5  
5 4  
5 4  
5 4  
5 4  
5 4  
5 4  
5 4  
5 5  
5 4  
5 4  
5 4  
5 4  
5 4  
5 4  
5 4  
5 4  
5 4  
5 4  
5 4  
5 4  
5 5  
3 2  
3 2  
3 2  
3 2  
3 2  
3 2  
3 2  
3 2  
3 2  
3 2  
3 2  
3 2  
3 2  
3 2  
3 2  
3 2  
3 2  
3 2  
3 2  
3 2  
3 2  
3 2  
3 2  
3 2  
3 2  
3 2  
3 2  
3 2  
3 2  
3 2  
3 2  
3 2  
3 2  
3 2  
3 2  
3 2  
3 2  
3 2  
3 2  
3 2  
3 2  
3 2  
3 2  
3 2  
3 2  
3 2  
3 2  
3 2  
3 2  
3 2  
3 2  
3 2  
3 2  
3 2  
3 2  
3 2  
3 2  
3 2  
5 4  
5 4  
5 4  
5 4  
5 4  
5 5  
5 4  
5 4  
5 4  
5 4  
5 4  
5 4  
5 4  
5 4  
5 4  
5 4  
5 4  
5 4  
5 4  
5 4  
5 4  
5 4  
5 4  
5 4  
5 4  
5 4  
5 4  
5 4  
5 4  
2 1  
2 1  
2 1  
2 1  
2 1  
2 1  
2 1  
2 1  
2 1  
2 1  
2 1  
2 1  
2 1  
2 1  
2 1  
2 1  
2 1  
2 1  
2 1  
2 1  
2 1  
2 1  
2 1  
2 1  
2 1  
2 1  
2 1  
2 1  
2 1  
4 3  
4 3  
4 3  
4 3  
4 3  
4 3  
4 3  
4 3  
4 3  
4 3  
4 3  
4 3  
4 3  
4 3  
4 3  
4 3  
4 3  
4 3  
4 3  
4 3  
4 3  
4 3  
4 3  
4 3  
4 3  
4 3  
4 3  
4 3  
4 3  
2 1  
2 1  
2 1  
2 1  
2 1  
2 1  
2 1  
2 1  
2 1  
2 1  
2 1  
2 1  
2 1  
2 1  
2 1  
2 1  
2 1  
2 1  
2 1  
2 1  
2 1  
2 1  
2 1  
2 1  
2 1  
2 1  
2 1  
2 1  
2 1  
3 2  
3 2  
3 2  
3 2  
3 2  
3 2  
3 2  
3 2  
3 2  
3 2  
3 2  
3 2  
3 2  
3 2  
3 2  
3 2  
3 2  
3 2  
3 2  
3 2  
3 2  
3 2  
3 2  
3 2  
3 2  
3 2  
3 2  
3 2  
3 2  
6 5  
6 5  
6 5  
6 5  
6 5  
6 5  
6 5  
6 5  
6 5  
6 5  
6 5  
6 6  
6 5  
6 5  
6 6  
6 5  
6 5  
6 5  
6 5  
6 5  
6 5  
6 5  
6 6  
6 6  
6 5  
6 6  
6 5  
6 5  
6 5  
7 6  
8 8  
7 6  
8 8  
7 6  
7 7  
9 9  
9 10  
7 6  
7 7  
7 7  
7 6  
9 8  
7 6  
8 7  
7 6  
11 10  
7 6  
7 6  
7 6  
7 6  
8 7  
9 8  
9 8  
8 7  
9 14  
8 10  
7 6  
8 9  
6 5  
6 5  
6 5  
6 5  
6 5  
6 5  
6 5  
6 6  
6 5  
6 6  
6 5  
6 5  
6 6  
6 6  
6 5  
6 5  
6 5  
6 5  
6 5  
6 5  
6 5  
6 5  
6 5  
6 5  
6 5  
6 5  
6 6  
6 5  
6 5  
7 7  
9 9  
8 7  
8 7  
7 8  
8 8  
7 6  
7 6  
7 6  
10 9  
7 6  
8 11  
7 6  
9 8  
7 6  
7 6  
7 6  
9 8  
15 14  
13 12  
7 7  
8 7  
9 8  
7 6  
10 9  
10 10  
7 6  
9 8  
10 10  
2 1  
2 1  
2 1  
2 1  
2 1  
2 1  
2 1  
2 1  
2 1  
2 1  
2 1  
2 1  
2 1  
2 1  
2 1  
2 1  
2 1  
2 1  
2 1  
2 1  
2 1  
2 1  
2 1  
2 1  
2 1  
2 1  
2 1  
2 1  
2 1  
2 1  
2 1  
2 1  
2 1  
2 1  
2 1  
2 1  
2 1  
2 1  
2 1  
2 1  
2 1  
2 1  
2 1  
2 1  
2 1  
2 1  
2 1  
2 1  
2 1  
2 1  
2 1  
2 1  
2 1  
2 1  
2 1  
2 1  
2 1  
2 1  
3 2  
3 2  
3 2  
3 2  
3 2  
3 2  
3 2  
3 2  
3 2  
3 2  
3 2  
3 2  
3 2  
3 2  
3 2  
3 2  
3 2  
3 2  
3 2  
3 2  
3 2  
3 2  
3 2  
3 2  
3 2  
3 2  
3 2  
3 2  
3 2  
2 1  
2 1  
2 1  
2 1  
2 1  
2 1  
2 1  
2 1  
2 1  
2 1  
2 1  
2 1  
2 1  
2 1  
2 1  
2 1  
2 1  
2 1  
2 1  
2 1  
2 1  
2 1  
2 1  
2 1  
2 1  
2 1  
2 1  
2 1  
2 1  
2 1  
2 1  
2 1  
2 1  
2 1  
2 1  
2 1  
2 1  
2 1  
2 1  
2 1  
2 1  
2 1  
2 1  
2 1  
2 1  
2 1  
2 1  
2 1  
2 1  
2 1  
2 1  
2 1  
2 1  
2 1  
2 1  
2 1  
2 1  
2 1  
3 2  
3 2  
3 2  
3 2  
3 2  
3 2  
3 2  
3 2  
3 2  
3 2  
3 2  
3 2  
3 2  
3 2  
3 2  
3 2  
3 2  
3 2  
3 2  
3 2  
3 2  
3 2  
3 2  
3 2  
3 2  
3 2  
3 2  
3 2  
3 2  
4 3  
4 3  
4 3  
4 3  
4 3  
4 3  
4 3  
4 3  
4 3  
4 3  
4 3  
4 3  
4 3  
4 3  
4 3  
4 3  
4 3  
4 3  
4 3  
4 3  
4 3  
4 3  
4 3  
4 3  
4 3  
4 3  
4 3  
4 3  
4 3  
2 1  
2 1  
2 1  
2 1  
2 1  
2 1  
2 1  
2 1  
2 1  
2 1  
2 1  
2 1  
2 1  
2 1  
2 1  
2 1  
2 1  
2 1  
2 1  
2 1  
2 1  
2 1  
2 1  
2 1  
2 1  
2 1  
2 1  
2 1  
2 1  
2 1  
2 1  
2 1  
2 1  
2 1  
2 1  
2 1  
2 1  
2 1  
2 1  
2 1  
2 1  
2 1  
2 1  
2 1  
2 1  
2 1  
2 1  
2 1  
2 1  
2 1  
2 1  
2 1  
2 1  
2 1  
2 1  
2 1  
2 1  
2 1  
2 1  
2 1  
2 1  
2 1  
2 1  
2 1  
2 1  
2 1  
2 1  
2 1  
2 1  
2 1  
2 1  
2 1  
2 1  
2 1  
2 1  
2 1  
2 1  
3 2  
3 2  
3 2  
3 2  
3 2  
3 2  
3 2  
3 2  
3 2  
3 2  
2 1  
2 1  
2 1  
2 1  
2 1  
2 1  
2 1  
2 1  
2 1  
2 1  
2 1  
2 1  
2 1  
2 1  
2 1  
2 1  
2 1  
4 3  
4 3  
4 3  
4 3  
4 3  
4 3  
4 3  
4 3  
4 3  
4 3  
4 3  
4 3  
4 3  
4 3  
4 3  
4 3  
4 3  
4 3  
4 3  
4 3  
4 3  
4 3  
4 3  
4 3  
4 3  
4 3  
4 3  
4 3  
4 3  
2 1  
2 1  
2 1  
2 1  
2 1  
2 1  
2 1  
2 1  
2 1  
2 1  
2 1  
2 1  
2 1  
2 1  
2 1  
2 1  
2 1  
2 1  
2 1  
2 1  
2 1  
2 1  
2 1  
2 1  
2 1  
2 1  
2 1  
4 3  
4 3  
4 3  
4 3  
4 3  
4 3  
4 3  
4 3  
4 3  
4 3  
4 3  
